2	0.0
3	0.0
4	0.0
5	0.0
6	0.0
7	0.0
8	0.0
9	0.0
10	0.0
11	0.0
12	0.0
13	0.0
14	1.0
15	3.0
16	4.0
17	5.0
18	5.0
19	5.0
20	5.0
21	5.0
22	5.0
23	0.0
24	0.0
25	0.0
26	0.0
27	0.0
28	0.0
29	0.0
30	0.0
31	0.0
32	0.0
33	0.0
34	0.0
35	0.0
36	0.0
37	0.0
38	0.0
39	0.0
40	0.0
41	0.0
42	0.0
43	0.0
44	0.0
45	0.0
46	0.0
47	0.0
48	0.0
49	0.0
50	0.0
51	0.0
52	0.0
53	0.0
54	0.0
55	0.0
56	0.0
57	0.0
58	0.0
2	0.0
3	0.0
4	0.0
5	0.0
6	0.0
7	0.0
8	0.0
9	1.0
10	2.0
11	3.0
12	4.0
13	5.0
14	5.0
15	5.0
16	5.0
17	5.0
18	5.0
19	5.0
20	5.0
21	5.0
22	5.0
23	0.0
24	0.0
25	0.0
26	0.0
27	0.0
28	0.0
29	0.0
30	0.0
31	0.0
32	0.0
33	0.0
34	0.0
35	0.0
36	0.0
37	0.0
38	0.0
39	0.0
40	0.0
41	0.0
42	0.0
43	0.0
44	0.0
45	0.0
46	0.0
47	0.0
48	0.0
49	0.0
0.02	0.0
0.03	0.0
0.04	0.0
0.05	0.0
0.06	0.0
0.07	0.0
0.08	0.0
0.09	0.0
0.1	0.0
0.11	0.0
0.12	0.0
0.13	0.0
0.14	0.0
0.15	0.0
0.16	0.0
0.17	0.0
0.18	0.0
0.19	0.0
0.2	0.0
0.21	0.0
0.22	0.0
0.23	0.0
0.24	0.0
0.25	0.0
0.26	0.0
0.27	0.0
0.28	0.0
0.29	0.0
0.3	0.0
0.31	0.0
0.32	0.0
0.33	0.0
0.34	0.0
0.35	0.0
0.36	0.0
0.37	0.0
0.38	0.0
0.39	0.0
0.4	0.0
0.41	0.0
0.42	0.0
0.43	0.0
0.44	0.0
0.45	0.0
0.46	0.0
0.47	0.0
0.48	0.0
0.49	0.0
0.5	0.0
0.51	0.0
0.52	0.0
0.53	0.0
0.54	0.0
0.55	0.0
0.56	0.0
0.57	0.0
0.58	0.0
0.59	0.0
0.6	0.0
0.61	0.0
0.62	0.0
0.63	0.0
0.64	0.0
0.65	0.0
0.66	0.0
0.67	0.0
0.68	0.0
0.69	0.0
0.7	0.0
0.71	0.0
0.72	0.0
0.73	0.0
0.74	0.0
0.75	0.0
0.76	0.0
0.77	0.0
0.78	0.0
0.79	0.0
0.8	0.0
0.81	0.0
0.82	0.0
0.83	0.0
0.84	0.0
0.85	0.0
0.86	0.0
0.87	0.0
0.88	0.0
0.89	1.0
0.9	1.0
0.91	1.0
0.92	1.0
0.93	1.0
0.94	1.0
0.95	1.0
0.96	1.0
0.97	2.0
0.98	2.0
0.99	2.0
1.0	2.0
1.01	2.0
1.02	2.0
1.03	2.0
1.04	3.0
1.05	3.0
1.06	3.0
1.07	3.0
1.08	3.0
1.09	3.0
1.1	3.0
1.11	3.0
1.12	4.0
1.13	4.0
1.14	4.0
1.15	4.0
1.16	4.0
1.17	4.0
1.18	4.0
1.19	4.0
1.2	5.0
1.21	5.0
1.22	5.0
1.23	5.0
1.24	5.0
1.25	5.0
1.26	5.0
1.27	5.0
1.28	5.0
1.29	5.0
1.3	5.0
1.31	5.0
1.32	5.0
1.33	5.0
1.34	5.0
1.35	5.0
1.36	5.0
1.37	5.0
1.38	5.0
1.39	5.0
1.4	5.0
1.41	5.0
1.42	5.0
1.43	5.0
1.44	5.0
1.45	5.0
1.46	5.0
1.47	5.0
1.48	5.0
1.49	5.0
1.5	5.0
1.51	5.0
1.52	5.0
1.53	5.0
1.54	5.0
1.55	5.0
1.56	5.0
1.57	5.0
1.58	5.0
1.59	5.0
1.6	5.0
1.61	5.0
1.62	5.0
1.63	5.0
1.64	5.0
1.65	5.0
1.66	5.0
1.67	5.0
1.68	5.0
1.69	5.0
1.7	5.0
1.71	5.0
1.72	5.0
1.73	5.0
1.74	5.0
1.75	5.0
1.76	5.0
1.77	5.0
1.78	5.0
1.79	5.0
1.8	5.0
1.81	5.0
1.82	5.0
1.83	5.0
1.84	5.0
1.85	5.0
1.86	5.0
1.87	5.0
1.88	5.0
1.89	5.0
1.9	5.0
1.91	5.0
1.92	5.0
1.93	5.0
1.94	5.0
1.95	5.0
1.96	5.0
1.97	5.0
1.98	5.0
1.99	5.0
2.0	5.0
2.01	5.0
2.02	5.0
2.03	5.0
2.04	5.0
2.05	5.0
2.06	5.0
2.07	5.0
2.08	5.0
2.09	5.0
2.1	5.0
2.11	5.0
2.12	5.0
2.13	5.0
2.14	5.0
2.15	5.0
2.16	5.0
2.17	5.0
2.18	5.0
2.19	5.0
2.2	5.0
2.21	5.0
2.22	5.0
2.23	5.0
2.24	5.0
2.25	5.0
2.26	5.0
2.27	5.0
2.28	5.0
2.29	5.0
2.3	5.0
2.31	5.0
2.32	5.0
2.33	5.0
2.34	5.0
2.35	5.0
2.36	5.0
2.37	5.0
2.38	5.0
2.39	5.0
2.4	5.0
2.41	5.0
2.42	5.0
2.43	5.0
2.44	5.0
2.45	5.0
2.46	5.0
2.47	5.0
2.48	5.0
2.49	5.0
2.5	5.0
2.51	5.0
2.52	5.0
2.53	5.0
2.54	5.0
2.55	5.0
2.56	5.0
2.57	5.0
2.58	5.0
2.59	5.0
2.6	5.0
2.61	5.0
2.62	5.0
2.63	5.0
2.64	5.0
2.65	5.0
2.66	5.0
2.67	5.0
2.68	5.0
2.69	5.0
2.7	5.0
2.71	5.0
2.72	5.0
2.73	5.0
2.74	5.0
2.75	5.0
2.76	5.0
2.77	5.0
2.78	5.0
2.79	5.0
2.8	5.0
2.81	5.0
2.82	5.0
2.83	5.0
2.84	5.0
2.85	5.0
2.86	5.0
2.87	5.0
2.88	5.0
2.89	5.0
2.9	5.0
2.91	5.0
2.92	5.0
2.93	5.0
2.94	5.0
2.95	5.0
2.96	5.0
2.97	5.0
2.98	5.0
2.99	5.0
3.0	5.0
3.01	5.0
3.02	5.0
3.03	5.0
3.04	5.0
3.05	5.0
3.06	5.0
3.07	5.0
3.08	5.0
3.09	5.0
3.1	5.0
3.11	5.0
3.12	5.0
3.13	5.0
3.14	5.0
3.15	5.0
3.16	5.0
3.17	5.0
3.18	5.0
3.19	5.0
3.2	5.0
3.21	5.0
3.22	5.0
3.23	5.0
0.02	5.0
0.03	5.0
0.04	5.0
0.05	5.0
0.06	5.0
0.07	5.0
0.08	5.0
0.09	0.0
0.1	0.0
0.11	0.0
0.12	0.0
0.13	0.0
0.14	0.0
0.15	0.0
0.16	0.0
0.17	0.0
0.18	0.0
0.19	0.0
0.2	1.0
0.21	2.0
0.22	3.0
0.23	4.0
0.24	5.0
0.25	5.0
0.26	5.0
0.27	5.0
0.28	5.0
0.29	5.0
0.3	5.0
0.31	5.0
0.32	5.0
0.33	5.0
0.34	5.0
0.35	5.0
0.36	5.0
0.37	5.0
0.38	5.0
0.39	5.0
0.4	5.0
0.41	5.0
0.42	5.0
0.43	5.0
0.44	5.0
0.45	5.0
0.46	5.0
0.47	5.0
0.48	5.0
0.49	5.0
0.5	5.0
0.51	5.0
0.52	5.0
0.53	5.0
0.54	5.0
0.55	5.0
0.56	5.0
0.57	5.0
0.58	5.0
0.59	5.0
0.6	5.0
0.61	5.0
0.62	5.0
0.63	5.0
0.64	5.0
0.65	5.0
0.66	5.0
0.67	5.0
0.68	5.0
0.69	5.0
0.7	5.0
0.71	5.0
0.72	5.0
0.73	5.0
0.74	5.0
0.75	5.0
0.76	5.0
0.77	5.0
0.78	5.0
0.79	5.0
0.8	5.0
0.81	5.0
0.82	5.0
0.83	5.0
0.84	5.0
0.85	4.99
0.86	4.99
0.87	5.01
0.88	5.02
0.89	5.02
0.9	5.12
0.91	5.09
0.92	5.03
0.93	5.1
0.94	5.07
0.95	5.03
0.96	4.97
0.97	4.9
0.98	4.85
0.99	4.79
1.0	4.77
1.01	4.74
1.02	4.7
1.03	4.65
1.04	4.61
1.05	4.57
1.06	4.52
1.07	4.48
1.08	4.44
1.09	4.4
1.1	4.36
1.11	4.32
1.12	4.28
1.13	4.24
1.14	4.2
1.15	4.15
1.16	4.11
1.17	4.07
1.18	4.03
1.19	4.0
1.2	3.98
1.21	3.96
1.22	3.92
1.23	3.89
1.24	3.85
1.25	3.82
1.26	3.79
1.27	3.76
1.28	3.72
1.29	3.75
1.3	3.7
1.31	1.0
1.32	0.58
1.33	-0.22
1.34	-0.43
1.35	-0.57
1.36	-1.33
1.37	-1.4
1.38	-1.23
1.39	-0.68
1.4	-0.98
1.41	-1.04
1.42	-0.99
1.43	-1.26
1.44	-1.31
1.45	-1.48
1.46	-1.25
1.47	-1.98
1.48	-1.41
1.49	-1.26
1.5	-0.87
1.51	-0.95
1.52	-0.9
1.53	-1.4
1.54	-1.97
1.55	-2.3
1.56	-2.59
1.57	-1.73
1.58	-1.92
1.59	-1.55
1.6	-1.97
1.61	-2.14
1.62	-1.86
1.63	-1.71
1.64	-1.23
1.65	-1.91
1.66	-1.86
1.67	-1.55
1.68	-1.77
1.69	-1.73
1.7	-1.57
1.71	-1.15
1.72	-1.25
1.73	-1.27
1.74	-1.53
1.75	-1.46
1.76	-1.55
1.77	-1.51
1.78	-2.6
1.79	-5.28
1.8	-5.28
1.81	-5.28
1.82	-5.28
1.83	-5.28
1.84	-5.28
1.85	-5.28
1.86	-5.28
1.87	-5.28
1.88	-5.28
1.89	-5.28
1.9	5.27
1.91	5.27
1.92	5.27
1.93	-3.01
1.94	5.27
1.95	5.27
1.96	5.27
1.97	5.27
1.98	5.27
1.99	-5.28
2.0	-1.46
2.01	3.27
2.02	5.27
2.03	2.95
2.04	5.27
2.05	5.27
2.06	5.27
2.07	-3.79
2.08	5.27
2.09	5.27
2.1	5.27
2.11	5.27
0.02	-3.05
0.03	5.27
0.04	5.27
0.05	5.27
0.06	5.27
0.07	5.27
0.08	0.49
0.09	5.27
0.1	5.27
0.11	5.27
0.12	5.27
0.13	5.27
0.14	5.27
0.15	5.27
0.16	-5.28
0.17	5.27
0.18	5.27
0.19	5.27
0.2	5.27
0.21	5.27
0.22	5.27
0.23	0.04
0.24	-5.28
0.25	-5.28
0.26	0.33
0.27	5.27
0.28	5.27
0.29	5.27
0.3	5.27
0.31	-5.28
0.32	-5.28
0.33	-2.44
0.34	-5.28
0.35	5.27
0.36	-3.48
0.37	-2.11
0.38	5.27
0.39	-1.71
0.4	5.27
0.41	-1.68
0.42	0.17
0.43	5.27
0.44	5.27
0.45	5.27
0.46	5.27
0.47	1.07
0.48	5.27
0.49	5.27
0.5	5.27
0.51	5.27
0.52	5.27
0.53	-1.59
0.54	-0.51
0.55	5.27
0.56	5.27
0.57	5.27
0.58	5.27
0.59	5.27
0.6	5.27
0.61	-3.96
0.62	-4.68
0.63	5.27
0.64	5.27
0.65	5.27
0.66	-5.28
0.67	0.15
0.68	5.27
0.69	3.3
0.7	2.93
0.71	-3.8
0.72	-5.28
0.73	5.27
0.74	5.27
0.75	5.27
0.76	5.27
0.77	5.27
0.78	5.27
0.79	5.27
0.8	5.27
0.81	5.27
0.82	5.27
0.83	-4.52
0.84	-0.28
0.85	1.12
0.86	5.27
0.87	5.27
0.88	3.24
0.89	5.27
0.9	5.27
0.91	5.27
0.92	-1.66
0.93	0.66
0.94	5.27
0.95	5.27
0.96	5.27
0.97	5.27
0.98	5.27
0.99	5.27
1.0	5.27
1.01	5.27
1.02	5.27
1.03	5.27
1.04	5.27
1.05	-5.28
1.06	5.27
1.07	5.27
1.08	3.1
1.09	5.27
1.1	5.27
1.11	5.27
1.12	5.27
1.13	5.27
1.14	5.27
1.15	5.27
1.16	5.27
1.17	1.35
1.18	5.27
1.19	5.27
1.2	5.27
1.21	5.27
1.22	1.47
1.23	5.27
1.24	5.27
1.25	5.27
1.26	5.27
1.27	-5.28
1.28	-1.07
1.29	-5.28
1.3	5.27
1.31	5.27
1.32	-5.28
1.33	-4.53
1.34	5.27
1.35	1.01
1.36	5.27
1.37	5.27
1.38	5.27
1.39	5.27
1.4	2.42
1.41	5.27
1.42	5.27
1.43	5.27
1.44	5.27
1.45	5.27
1.46	5.27
1.47	5.27
1.48	5.27
1.49	5.27
1.5	5.27
1.51	5.27
1.52	-5.28
1.53	-5.28
1.54	5.27
1.55	4.43
1.56	5.27
1.57	5.27
1.58	0.4
1.59	5.27
1.6	5.27
1.61	1.03
1.62	5.27
1.63	5.27
1.64	5.27
1.65	5.27
1.66	-5.28
1.67	5.27
1.68	5.27
1.69	5.27
1.7	5.27
1.71	5.27
1.72	5.27
1.73	5.27
1.74	5.27
1.75	5.27
1.76	1.0
1.77	-5.28
1.78	-1.06
1.79	-3.72
1.8	5.27
1.81	5.25
1.82	2.87
1.83	0.4
1.84	-1.55
1.85	-1.36
1.86	-4.53
1.87	5.27
1.88	5.27
1.89	5.27
1.9	-1.48
1.91	5.27
1.92	5.27
1.93	5.27
1.94	3.57
1.95	-5.28
1.96	5.27
1.97	-1.79
1.98	-3.21
1.99	-0.15
2.0	0.97
2.01	5.27
2.02	5.27
2.03	5.27
2.04	5.27
2.05	5.27
2.06	5.27
2.07	-0.89
2.08	5.27
2.09	1.5
2.1	4.98
2.11	-1.78
2.12	-5.28
2.13	-5.28
2.14	0.06
2.15	2.01
2.16	5.27
2.17	3.84
2.18	5.27
2.19	0.39
2.2	-4.7
2.21	0.25
2.22	-0.11
2.23	-5.28
2.24	5.27
2.25	5.27
2.26	5.27
2.27	-5.22
2.28	5.27
2.29	5.27
2.3	5.27
2.31	5.27
2.32	1.02
2.33	0.03
2.34	0.12
2.35	5.27
2.36	5.27
2.37	0.04
2.38	5.27
2.39	5.27
2.4	0.88
2.41	-1.05
2.42	2.9
2.43	-1.99
2.44	0.47
2.45	-3.75
2.46	5.27
2.47	-5.28
2.48	-5.28
2.49	5.27
2.5	5.27
2.51	-5.28
2.52	-5.28
2.53	-3.44
2.54	-0.95
2.55	0.42
2.56	-1.52
2.57	-5.28
2.58	-5.28
2.59	-5.28
2.6	-5.28
2.61	-5.28
2.62	-5.28
2.63	-5.28
2.64	-5.28
2.65	-5.28
2.66	-5.28
2.67	-5.28
2.68	-5.28
2.69	-5.28
2.7	-5.28
2.71	-5.28
2.72	-5.28
2.73	-5.28
2.74	-5.28
2.75	-5.28
2.76	-5.28
2.77	-5.28
2.78	-5.28
2.79	-5.28
2.8	-5.28
2.81	-5.28
2.82	-5.28
2.83	-5.28
2.84	-5.28
2.85	-5.28
2.86	-5.28
2.87	-5.28
2.88	-5.28
2.89	-5.28
2.9	-5.28
2.91	-5.28
2.92	-5.28
2.93	-5.28
2.94	-5.28
2.95	-5.28
2.96	-5.28
2.97	-5.28
2.98	-5.28
2.99	-5.28
3.0	-5.28
3.01	-5.28
3.02	-5.28
3.03	-5.28
3.04	-5.28
3.05	-5.28
3.06	-5.28
3.07	-5.28
3.08	-5.28
3.09	-5.28
3.1	-5.28
3.11	-5.28
3.12	-5.28
3.13	-5.28
3.14	-5.28
3.15	-5.28
3.16	-5.28
3.17	-5.28
3.18	-5.24
3.19	-5.15
3.2	-5.06
3.21	-4.97
3.22	-4.88
3.23	-4.79
3.24	-4.7
3.25	-4.62
3.26	-4.53
3.27	-4.45
3.28	-4.37
3.29	-4.29
3.3	-4.21
3.31	-4.13
3.32	-4.01
3.33	-3.91
3.34	-3.84
3.35	-3.77
3.36	-3.68
3.37	-3.6
3.38	-3.53
3.39	-3.47
3.4	-3.41
3.41	-3.34
3.42	-3.28
3.43	-3.21
3.44	-3.15
3.45	-3.09
3.46	-3.03
3.47	-2.97
3.48	-2.91
3.49	-2.85
3.5	-2.79
3.51	-2.8
3.52	-2.75
3.53	-2.69
3.54	-2.63
3.55	-2.58
3.56	-2.52
3.57	-2.47
3.58	-2.42
3.59	-2.37
3.6	-2.32
3.61	-2.26
3.62	-2.21
3.63	-2.16
3.64	-2.12
3.65	-2.07
3.66	-2.02
3.67	-1.98
3.68	-1.93
3.69	-1.88
3.7	-1.84
3.71	-1.79
3.72	-1.75
3.73	-1.7
3.74	-1.66
3.75	-1.62
3.76	-1.57
3.77	-1.53
3.78	-1.5
3.79	-1.46
3.8	-1.42
3.81	-1.38
3.82	-1.34
3.83	-1.3
3.84	-1.27
3.85	-1.23
3.86	-1.2
3.87	-1.17
3.88	-1.13
3.89	-1.1
3.9	-1.06
3.91	-1.03
3.92	-0.99
3.93	-0.96
3.94	-0.94
3.95	-0.91
3.96	-0.88
3.97	-0.84
3.98	-0.81
3.99	-0.78
4.0	-0.75
4.01	-0.72
4.02	-0.7
4.03	-0.67
4.04	-0.64
4.05	-0.61
4.06	-0.58
4.07	-0.56
4.08	-0.53
4.09	-0.51
4.1	-0.48
4.11	-0.45
4.12	-0.43
4.13	-0.4
4.14	-0.38
4.15	-0.36
4.16	-0.33
4.17	-0.31
4.18	-0.29
4.19	-0.26
4.2	-0.24
4.21	-0.22
4.22	-0.2
4.23	-0.17
4.24	-0.15
4.25	-0.13
4.26	-0.11
4.27	-0.09
4.28	-0.07
4.29	-0.05
4.3	-0.03
4.31	-0.01
4.32	0.01
4.33	0.03
4.34	0.05
4.35	0.07
4.36	0.08
4.37	0.1
4.38	0.12
4.39	0.14
4.4	0.15
4.41	0.17
4.42	0.19
4.43	0.2
4.44	0.22
4.45	0.24
4.46	0.25
4.47	0.27
4.48	0.28
4.49	5.27
4.5	5.27
4.51	5.27
4.52	5.27
4.53	4.73
4.54	3.36
4.55	2.58
4.56	2.28
4.57	2.13
4.58	2.14
4.59	2.14
4.6	2.14
4.61	5.27
4.62	5.27
4.63	5.27
4.64	5.27
4.65	5.27
4.66	5.27
4.67	5.27
4.68	5.27
4.69	5.27
4.7	5.27
4.71	5.27
4.72	5.27
4.73	5.27
4.74	5.27
4.75	5.27
4.76	5.27
4.77	5.27
4.78	5.27
4.79	5.27
4.8	5.27
4.81	5.27
4.82	5.27
4.83	5.27
4.84	5.27
4.85	5.27
4.86	5.27
4.87	5.27
4.88	5.27
4.89	5.27
4.9	5.27
4.91	5.27
4.92	5.27
4.93	5.27
4.94	5.27
4.95	5.27
4.96	5.27
4.97	5.27
4.98	5.27
4.99	5.27
5.0	5.27
5.01	5.27
5.02	5.27
5.03	5.27
5.04	5.27
5.05	5.27
5.06	5.27
5.07	5.27
5.08	5.27
5.09	5.27
5.1	5.27
5.11	5.27
5.12	5.27
5.13	5.27
5.14	5.27
5.15	5.27
5.16	5.27
5.17	4.57
5.18	4.58
5.19	4.32
5.2	4.0
5.21	4.01
5.22	3.8
5.23	3.66
5.24	3.49
5.25	3.42
5.26	3.39
5.27	5.27
5.28	5.27
5.29	5.27
5.3	5.27
5.31	5.27
5.32	5.27
5.33	5.27
5.34	5.27
5.35	5.27
5.36	5.27
5.37	5.27
5.38	5.27
5.39	5.27
5.4	5.27
5.41	5.27
5.42	5.27
5.43	5.0
5.44	5.0
5.45	5.0
5.46	5.0
5.47	5.0
5.48	5.0
5.49	5.0
5.5	5.0
5.51	5.0
5.52	5.0
5.53	5.0
5.54	5.0
5.55	5.0
5.56	5.0
5.57	5.0
5.58	5.0
5.59	5.0
5.6	5.0
5.61	5.0
5.62	5.0
5.63	5.0
5.64	5.0
5.65	5.0
5.66	5.0
5.67	5.0
5.68	5.0
5.69	5.0
5.7	5.0
5.71	5.0
5.72	5.0
5.73	5.0
5.74	5.0
5.75	5.0
5.76	5.0
5.77	5.0
5.78	5.0
5.79	5.0
5.8	5.0
5.81	5.0
5.82	5.0
5.83	5.0
5.84	5.0
5.85	5.0
5.86	5.0
5.87	5.0
5.88	5.0
5.89	5.0
5.9	5.0
5.91	5.0
5.92	5.0
5.93	5.0
5.94	5.0
5.95	5.0
5.96	5.0
5.97	5.0
5.98	5.0
5.99	5.0
6.0	5.0
6.01	5.0
6.02	5.0
6.03	5.0
6.04	5.0
6.05	5.0
6.06	5.0
6.07	5.0
6.08	5.0
6.09	5.0
6.1	5.0
6.11	5.0
6.12	5.0
6.13	5.0
6.14	5.0
6.15	5.0
6.16	5.0
6.17	5.0
6.18	5.0
6.19	5.0
6.2	5.0
6.21	5.0
6.22	5.0
6.23	5.0
6.24	5.0
6.25	5.0
6.26	5.0
6.27	5.0
6.28	5.0
6.29	5.0
6.3	5.0
6.31	5.0
6.32	5.0
6.33	5.0
6.34	5.0
6.35	5.0
6.36	5.0
6.37	5.0
6.38	5.0
6.39	5.0
6.4	5.0
6.41	5.0
6.42	5.0
6.43	5.0
6.44	5.0
6.45	5.0
6.46	5.0
6.47	5.0
6.48	5.0
6.49	5.0
6.5	5.0
6.51	5.0
6.52	5.0
6.53	5.0
6.54	5.0
6.55	5.0
6.56	5.0
6.57	5.0
6.58	5.0
6.59	5.0
6.6	5.0
6.61	5.0
6.62	5.0
6.63	5.0
6.64	5.0
6.65	5.0
6.66	5.0
6.67	5.0
6.68	4.89
6.69	4.67
6.7	4.67
6.71	4.65
6.72	4.99
6.73	5.27
6.74	5.17
6.75	4.96
6.76	3.72
6.77	2.63
6.78	2.42
6.79	2.3
6.8	2.19
6.81	2.17
6.82	2.13
6.83	2.08
6.84	2.04
6.85	2.01
6.86	1.98
6.87	1.95
6.88	1.91
6.89	1.88
6.9	1.4
6.91	1.38
6.92	1.37
6.93	1.39
6.94	1.37
6.95	1.37
6.96	1.38
6.97	1.36
6.98	1.36
6.99	1.36
7.0	1.35
7.01	1.34
7.02	1.36
7.03	1.35
7.04	1.34
7.05	1.32
7.06	1.34
7.07	1.33
7.08	1.32
7.09	1.33
7.1	1.32
7.11	1.32
7.12	1.33
7.13	1.33
7.14	1.31
7.15	1.32
7.16	1.33
7.17	1.34
7.18	1.33
7.19	1.33
7.2	1.33
7.21	1.34
7.22	1.33
7.23	1.34
7.24	1.34
7.25	1.35
7.26	1.34
7.27	1.34
7.28	1.34
7.29	1.35
7.3	1.35
7.31	1.35
7.32	1.35
7.33	1.36
7.34	1.37
7.35	1.37
7.36	1.36
7.37	1.38
7.38	1.38
7.39	1.37
7.4	1.37
7.41	1.38
7.42	1.4
7.43	1.39
7.44	1.39
7.45	1.4
7.46	1.4
7.47	1.41
7.48	1.41
7.49	1.42
7.5	1.42
7.51	1.42
7.52	1.43
7.53	1.42
7.54	1.42
7.55	1.42
7.56	1.44
7.57	1.44
7.58	1.45
7.59	1.44
7.6	1.44
7.61	1.44
7.62	1.44
7.63	1.46
7.64	1.45
7.65	1.47
7.66	1.47
7.67	1.48
7.68	1.48
7.69	1.48
7.7	1.48
7.71	1.48
7.72	1.48
7.73	1.48
7.74	1.48
7.75	1.5
7.76	1.5
7.77	1.49
7.78	1.49
7.79	1.5
7.8	1.5
7.81	1.52
7.82	1.52
7.83	1.51
7.84	1.51
7.85	1.53
7.86	1.52
7.87	1.52
7.88	1.53
7.89	1.53
7.9	1.54
7.91	1.55
7.92	1.55
7.93	1.54
7.94	1.56
7.95	1.56
7.96	1.57
7.97	1.56
7.98	1.56
7.99	1.57
8.0	1.58
8.01	1.58
8.02	1.57
8.03	1.58
8.04	1.59
8.05	1.6
8.06	1.6
8.07	1.59
8.08	1.59
8.09	1.59
8.1	1.59
8.11	1.6
8.12	1.6
8.13	1.6
8.14	1.61
8.15	1.61
8.16	1.61
8.17	1.61
8.18	1.62
8.19	1.63
8.2	1.64
8.21	1.64
8.22	1.63
8.23	1.64
8.24	1.63
8.25	1.63
8.26	1.64
8.27	1.65
8.28	1.65
8.29	1.65
8.3	1.66
8.31	1.66
8.32	1.67
8.33	1.67
8.34	1.66
8.35	1.66
8.36	1.66
8.37	1.66
8.38	1.68
8.39	1.68
8.4	1.68
8.41	1.68
8.42	1.67
8.43	1.69
8.44	1.68
8.45	1.68
8.46	1.68
8.47	1.68
8.48	1.68
8.49	1.7
8.5	1.7
8.51	1.71
8.52	1.7
8.53	1.71
8.54	1.71
8.55	1.71
8.56	1.7
8.57	1.71
8.58	1.71
8.59	1.72
8.6	1.73
8.61	1.73
8.62	1.73
8.63	1.73
8.64	1.73
8.65	1.72
8.66	1.73
8.67	1.72
8.68	1.74
8.69	1.74
8.7	1.74
8.71	1.73
8.72	1.73
8.73	1.73
8.74	1.75
8.75	1.75
8.76	1.74
8.77	1.74
8.78	1.74
8.79	1.74
8.8	1.75
8.81	1.75
8.82	1.75
8.83	1.76
8.84	1.76
8.85	1.76
8.86	1.76
8.87	1.75
8.88	1.75
8.89	1.75
8.9	1.75
8.91	1.77
8.92	1.75
8.93	1.77
8.94	1.76
8.95	1.78
8.96	1.76
8.97	1.76
8.98	1.76
8.99	1.77
9.0	1.78
9.01	1.78
9.02	1.77
9.03	1.77
9.04	1.77
9.05	1.78
9.06	1.79
9.07	1.79
9.08	1.79
9.09	1.77
9.1	1.77
9.11	1.77
9.12	1.78
9.13	1.78
9.14	1.78
9.15	1.78
9.16	1.78
9.17	1.78
9.18	1.78
9.19	1.78
9.2	1.8
9.21	1.79
9.22	1.8
9.23	1.79
9.24	1.79
9.25	1.79
9.26	1.79
9.27	1.8
9.28	1.81
9.29	1.81
9.3	1.81
9.31	1.8
9.32	1.79
9.33	1.8
9.34	1.81
9.35	1.8
9.36	1.8
9.37	1.79
9.38	1.8
9.39	1.81
9.4	1.81
9.41	1.81
9.42	1.81
9.43	1.82
9.44	1.82
9.45	1.81
9.46	1.82
9.47	1.82
9.48	1.82
9.49	1.8
9.5	1.81
9.51	1.81
9.52	1.8
9.53	1.81
9.54	1.81
9.55	1.81
9.56	1.82
9.57	1.82
9.58	1.82
9.59	1.81
9.6	1.81
9.61	1.83
9.62	1.81
9.63	1.81
9.64	1.81
9.65	1.81
9.66	1.82
9.67	1.81
9.68	1.81
9.69	1.82
9.7	1.82
9.71	1.83
9.72	1.81
9.73	1.82
9.74	1.83
9.75	1.82
9.76	1.83
9.77	1.83
9.78	1.82
9.79	1.82
9.8	1.83
9.81	1.82
9.82	1.84
9.83	1.84
9.84	1.84
9.85	1.84
9.86	1.84
9.87	1.84
9.88	1.84
9.89	1.84
9.9	1.84
9.91	1.84
9.92	1.82
9.93	1.82
9.94	1.83
9.95	1.82
9.96	1.84
9.97	1.84
9.98	1.84
9.99	1.84
10.0	1.83
10.01	1.83
10.02	1.84
10.03	1.83
10.04	1.83
10.05	1.83
10.06	1.83
10.07	1.83
10.08	1.83
10.09	1.84
10.1	1.84
10.11	1.84
10.12	1.85
10.13	1.85
10.14	1.84
10.15	1.85
10.16	1.84
10.17	1.8
10.18	1.82
10.19	1.81
10.2	1.8
10.21	1.79
10.22	1.79
10.23	1.78
10.24	1.78
10.25	1.79
10.26	1.79
10.27	1.78
10.28	1.78
10.29	1.78
10.3	1.78
10.31	1.77
10.32	1.78
10.33	1.77
10.34	1.76
10.35	1.76
10.36	1.77
10.37	1.77
10.38	1.77
10.39	1.76
10.4	1.76
10.41	1.77
10.42	1.76
10.43	1.77
10.44	1.76
10.45	1.76
10.46	1.76
10.47	1.75
10.48	1.75
10.49	1.75
10.5	1.76
10.51	1.76
10.52	1.76
10.53	1.75
10.54	1.75
10.55	1.76
10.56	1.76
10.57	1.76
10.58	1.75
10.59	1.75
10.6	1.75
10.61	1.75
10.62	1.75
10.63	1.75
10.64	1.75
10.65	1.75
10.66	1.74
10.67	1.75
10.68	1.74
10.69	1.75
10.7	1.75
10.71	1.85
10.72	5.27
10.73	4.33
10.74	4.34
10.75	4.91
10.76	4.87
10.77	4.79
10.78	4.73
10.79	4.68
10.8	4.62
10.81	4.57
10.82	4.51
10.83	4.46
10.84	4.4
10.85	4.35
10.86	4.3
10.87	4.25
10.88	4.2
10.89	4.16
10.9	4.11
10.91	4.07
10.92	4.03
10.93	3.98
10.94	3.94
10.95	3.9
10.96	3.86
10.97	3.83
10.98	3.79
10.99	3.75
11.0	3.72
11.01	3.68
11.02	3.65
11.03	3.62
11.04	3.58
11.05	3.55
11.06	3.51
11.07	3.48
11.08	3.45
11.09	3.42
11.1	3.39
11.11	3.37
11.12	3.34
11.13	3.31
11.14	3.28
11.15	3.25
11.16	3.23
11.17	3.2
11.18	3.18
11.19	3.15
11.2	3.13
11.21	3.11
11.22	3.08
11.23	3.06
11.24	3.04
11.25	3.02
11.26	3.0
11.27	2.98
11.28	2.96
11.29	2.94
11.3	2.91
11.31	2.9
11.32	2.87
11.33	2.86
11.34	2.84
11.35	2.82
11.36	2.8
11.37	2.78
11.38	2.77
11.39	2.75
11.4	2.73
11.41	2.72
11.42	2.7
11.43	2.69
11.44	2.67
11.45	2.66
11.46	2.64
11.47	2.63
11.48	2.61
11.49	2.6
11.5	2.58
11.51	2.57
11.52	2.56
11.53	2.54
11.54	2.53
11.55	2.52
11.56	2.51
11.57	2.5
11.58	2.48
11.59	2.47
11.6	2.46
11.61	2.45
11.62	2.44
11.63	2.43
11.64	2.42
11.65	2.42
11.66	2.41
11.67	-2.6
11.68	3.04
11.69	2.88
11.7	5.27
11.71	3.43
11.72	3.32
11.73	3.28
11.74	3.21
11.75	3.13
11.76	3.09
11.77	3.03
11.78	2.96
11.79	5.27
11.8	3.09
11.81	5.27
11.82	5.27
11.83	5.27
11.84	3.28
11.85	-5.28
11.86	-5.28
11.87	-5.28
11.88	-5.28
11.89	-5.28
11.9	-5.28
11.91	-5.28
11.92	-5.28
11.93	-5.28
11.94	-5.28
11.95	-5.28
11.96	-5.28
11.97	-5.28
11.98	-5.28
11.99	-5.28
12.0	-5.28
12.01	-5.28
12.02	-5.28
12.03	-5.28
12.04	-5.28
12.05	-5.28
12.06	-5.28
12.07	-5.28
12.08	-5.28
12.09	-5.28
12.1	-5.28
12.11	-5.28
12.12	-5.28
12.13	-5.28
12.14	-5.28
12.15	-5.28
12.16	-5.28
12.17	-5.28
12.18	-5.28
12.19	-5.28
12.2	-5.28
12.21	-5.28
12.22	-5.28
12.23	-5.28
12.24	-5.28
12.25	-5.28
12.26	-5.28
12.27	-5.28
12.28	-5.28
12.29	-5.28
12.3	-5.28
12.31	-5.28
12.32	-5.28
12.33	-5.28
12.34	-5.28
12.35	-5.28
12.36	-5.28
12.37	-5.28
12.38	-5.28
12.39	-5.28
12.4	-5.28
12.41	-5.28
12.42	-5.28
12.43	-5.28
12.44	-5.28
12.45	-5.28
12.46	-5.28
12.47	-5.28
12.48	-5.28
12.49	-5.28
12.5	-5.28
12.51	-5.28
12.52	-5.28
12.53	-5.28
12.54	-5.28
12.55	-5.28
12.56	-5.28
12.57	-5.28
12.58	-5.28
12.59	-5.28
12.6	-5.28
12.61	-5.28
12.62	-5.28
12.63	-5.28
12.64	-5.28
12.65	-5.28
12.66	-5.28
12.67	-5.28
12.68	-5.28
12.69	-5.28
12.7	-5.28
12.71	-5.28
12.72	-5.28
12.73	-5.28
12.74	-5.28
12.75	-5.28
12.76	-5.28
12.77	-5.28
12.78	-5.28
12.79	-5.28
12.8	-5.24
12.81	-5.15
12.82	-5.06
12.83	-4.97
12.84	-4.88
12.85	-4.8
12.86	-4.71
12.87	-4.62
12.88	-4.54
12.89	-4.46
12.9	-4.38
12.91	-4.3
12.92	-4.23
12.93	-4.15
12.94	-4.07
12.95	-4.0
12.96	-3.93
12.97	-3.86
12.98	-3.78
12.99	-3.72
13.0	-3.65
13.01	-3.58
13.02	-3.51
13.03	-3.44
13.04	-3.38
13.05	-3.32
13.06	-3.25
13.07	-3.19
13.08	-3.13
13.09	-3.06
13.1	-3.0
13.11	-2.94
13.12	-2.88
13.13	-2.83
13.14	-2.77
13.15	-2.72
13.16	-2.66
13.17	-2.61
13.18	-2.55
13.19	-2.5
13.2	-2.44
13.21	-2.39
13.22	-2.34
13.23	-2.29
13.24	-2.24
13.25	-2.2
13.26	-2.15
13.27	-2.1
13.28	-2.05
13.29	-2.01
13.3	-1.96
13.31	-1.92
13.32	-1.87
13.33	-1.83
13.34	-1.78
13.35	-1.74
13.36	-1.7
13.37	-1.66
13.38	-1.62
13.39	-1.58
13.4	-1.54
13.41	-1.5
13.42	-1.46
13.43	-1.42
13.44	-1.39
13.45	-1.35
13.46	-1.31
13.47	-1.28
13.48	-1.24
13.49	-1.21
13.5	-1.17
13.51	-1.14
13.52	-1.1
13.53	-1.07
13.54	-1.04
13.55	-1.01
13.56	-0.97
13.57	-0.94
13.58	-0.91
13.59	-0.88
13.6	-0.85
13.61	-0.82
13.62	-0.79
13.63	-0.76
13.64	-0.73
13.65	-0.71
13.66	-0.68
13.67	-0.65
13.68	-0.62
13.69	-0.6
13.7	-0.57
13.71	-0.55
13.72	-0.52
13.73	-0.49
13.74	-0.47
13.75	-0.45
13.76	-0.42
13.77	-0.4
13.78	-0.37
13.79	-0.35
13.8	-0.33
13.81	-0.3
13.82	-0.28
13.83	-0.26
13.84	-0.24
13.85	-0.22
13.86	-0.2
13.87	-0.17
13.88	-0.15
13.89	-0.13
13.9	-0.11
13.91	-0.09
13.92	-0.07
13.93	-0.05
13.94	-0.03
13.95	-0.01
13.96	0.0
13.97	0.02
13.98	0.04
13.99	0.06
14.0	0.07
14.01	0.09
14.02	0.11
14.03	0.13
14.04	0.14
14.05	0.16
14.06	0.18
14.07	0.19
14.08	0.21
14.09	0.22
14.1	0.24
14.11	0.25
14.12	0.27
14.13	0.28
14.14	0.3
14.15	0.32
14.16	0.33
14.17	0.34
14.18	0.36
14.19	0.37
14.2	0.38
14.21	0.4
14.22	0.41
14.23	0.42
14.24	0.43
14.25	0.45
14.26	0.46
14.27	0.47
14.28	0.49
14.29	0.5
14.3	0.51
14.31	0.52
14.32	0.53
14.33	0.55
14.34	0.56
14.35	0.57
14.36	0.58
14.37	0.59
14.38	0.6
14.39	0.61
14.4	0.62
14.41	0.63
14.42	0.64
14.43	0.65
14.44	0.66
14.45	0.67
14.46	0.68
14.47	0.69
14.48	0.7
14.49	0.71
14.5	0.72
14.51	0.73
14.52	0.74
14.53	0.75
14.54	0.76
14.55	0.76
14.56	0.77
14.57	0.78
14.58	0.79
14.59	0.8
14.6	0.81
14.61	0.81
14.62	0.82
14.63	0.83
14.64	0.84
14.65	0.85
14.66	0.85
14.67	0.86
14.68	0.87
14.69	0.87
14.7	0.88
14.71	0.89
14.72	0.9
14.73	0.9
14.74	0.91
14.75	0.92
14.76	0.92
14.77	0.93
14.78	0.93
14.79	0.94
14.8	0.95
14.81	0.95
14.82	0.96
14.83	0.96
14.84	0.97
14.85	0.98
14.86	0.98
14.87	0.99
14.88	0.99
14.89	1.0
14.9	1.0
14.91	1.01
14.92	1.01
14.93	1.02
14.94	1.03
14.95	1.03
14.96	1.04
14.97	1.04
14.98	1.05
14.99	1.05
15.0	1.06
15.01	1.06
15.02	1.06
15.03	1.07
15.04	1.07
15.05	1.08
15.06	1.08
15.07	1.09
15.08	1.09
15.09	1.1
15.1	1.1
15.11	1.1
15.12	1.11
15.13	1.11
15.14	1.12
15.15	1.12
15.16	1.12
15.17	1.13
15.18	1.13
15.19	1.14
15.2	1.14
15.21	1.14
15.22	1.15
15.23	1.15
15.24	1.16
15.25	1.16
15.26	1.16
15.27	1.17
15.28	1.17
15.29	1.17
15.3	1.18
15.31	1.18
15.32	1.18
15.33	1.19
15.34	1.19
15.35	1.19
15.36	1.2
15.37	1.2
15.38	1.2
15.39	1.21
15.4	1.21
15.41	1.21
15.42	1.21
15.43	1.22
15.44	1.22
15.45	1.22
15.46	1.22
15.47	1.23
15.48	1.23
15.49	1.23
15.5	1.23
15.51	1.24
15.52	1.24
15.53	1.24
15.54	1.25
15.55	1.25
15.56	1.25
15.57	1.26
15.58	1.26
15.59	1.26
15.6	1.26
15.61	1.26
15.62	1.27
15.63	1.27
15.64	1.27
15.65	1.27
15.66	1.27
15.67	1.28
15.68	1.28
15.69	1.28
15.7	1.28
15.71	1.29
15.72	1.29
15.73	1.29
15.74	1.29
15.75	1.29
15.76	1.3
15.77	1.3
15.78	1.3
15.79	1.31
15.8	5.27
15.81	5.27
15.82	5.27
15.83	5.27
15.84	3.26
15.85	5.27
15.86	5.27
15.87	5.27
15.88	5.27
15.89	2.98
15.9	3.34
15.91	2.95
15.92	-0.64
15.93	5.27
15.94	5.27
15.95	-0.63
15.96	-0.64
15.97	2.8
15.98	3.04
15.99	5.27
16.0	2.75
16.01	5.27
16.02	-0.64
16.03	2.94
16.04	2.86
16.05	2.85
16.06	0.32
16.07	2.97
16.08	0.96
16.09	-0.63
16.1	5.27
16.11	-0.64
16.12	-0.56
16.13	2.93
16.14	2.8
16.15	5.27
16.16	2.99
16.17	5.27
16.18	5.27
16.19	5.27
16.2	-0.64
16.21	5.27
16.22	5.27
16.23	5.27
16.24	0.35
16.25	5.27
16.26	2.63
16.27	5.27
16.28	2.07
16.29	5.27
16.3	1.77
16.31	2.9
16.32	0.21
16.33	2.87
16.34	-0.64
16.35	-0.64
16.36	5.27
16.37	5.27
16.38	5.27
16.39	-0.64
16.4	-0.41
16.41	-0.63
16.42	-0.2
16.43	0.33
16.44	0.54
16.45	0.34
16.46	-0.64
16.47	2.48
16.48	-5.28
16.49	-0.75
16.5	-4.32
16.51	5.27
16.52	-0.75
16.53	0.73
16.54	5.27
16.55	5.27
16.56	-0.8
16.57	-0.78
16.58	-0.8
16.59	2.83
16.6	-0.8
16.61	5.27
16.62	2.07
16.63	-0.81
16.64	5.27
16.65	-0.8
16.66	5.27
16.67	5.27
16.68	-0.8
16.69	-0.8
16.7	2.75
16.71	5.27
16.72	2.89
16.73	2.77
16.74	1.85
16.75	2.33
16.76	2.41
16.77	-0.48
16.78	2.77
16.79	-0.8
16.8	5.27
16.81	-0.8
16.82	-0.79
16.83	2.85
0.02	0.44
0.03	0.27
0.04	-0.33
0.05	-0.51
0.06	-0.55
0.07	0.41
0.08	1.21
0.09	0.96
0.1	0.83
0.11	0.79
0.12	0.58
0.13	0.47
0.14	0.38
0.15	-4.09
0.16	-4.09
0.17	-4.09
0.18	-4.09
0.19	-4.09
0.2	-3.91
0.21	-3.65
0.22	-1.04
0.23	-1.32
0.24	-0.89
0.25	-0.68
0.26	-0.66
0.27	-0.39
0.28	-0.36
0.29	-0.81
0.3	-1.12
0.31	-1.26
0.32	-1.31
0.33	-1.15
0.34	-0.97
0.35	-0.88
0.36	-0.96
0.37	-4.09
0.38	-4.09
0.39	-3.69
0.4	-4.09
0.41	-4.09
0.42	-4.09
0.43	-4.09
0.44	-4.09
0.45	-4.09
0.46	-4.09
0.47	-4.09
0.48	-4.09
0.49	-4.09
0.5	-4.09
0.51	-4.09
0.52	-4.09
0.53	-4.09
0.54	-4.09
0.55	-3.81
0.56	-2.3
0.57	-1.54
0.58	-1.37
0.59	-1.29
0.6	-1.45
0.61	-1.45
0.62	-1.33
0.63	-1.34
0.64	-1.32
0.65	-1.22
0.66	-1.18
0.67	-1.16
0.68	-1.2
0.69	-1.17
0.7	-1.12
0.71	-1.0
0.72	-0.96
0.73	-0.9
0.74	-0.9
0.75	-0.93
0.76	-0.92
0.77	-0.89
0.78	-0.83
0.79	-0.91
0.8	-0.9
0.81	-0.84
0.82	-0.69
0.83	-0.7
0.84	-0.59
0.85	-0.51
0.86	-0.55
0.87	-0.55
0.88	-0.51
0.89	-0.43
0.9	-0.34
0.91	-0.19
0.92	0.14
0.93	0.13
0.94	0.03
0.95	0.17
0.96	0.15
0.97	0.04
0.98	0.05
0.99	-0.04
1.0	-0.06
1.01	0.05
1.02	0.1
1.03	0.12
1.04	0.14
1.05	0.14
1.06	0.15
1.07	0.16
1.08	0.17
1.09	0.18
1.1	0.18
1.11	0.2
1.12	0.21
1.13	0.22
1.14	0.22
1.15	0.24
1.16	0.25
1.17	0.27
1.18	0.28
1.19	0.29
1.2	0.3
1.21	0.31
1.22	0.32
1.23	0.34
1.24	0.36
1.25	0.36
1.26	0.38
1.27	0.39
1.28	0.4
1.29	0.42
1.3	0.41
1.31	0.43
1.32	0.45
1.33	0.45
1.34	0.39
1.35	0.41
1.36	0.45
1.37	0.46
1.38	0.48
1.39	0.49
1.4	0.5
1.41	0.52
1.42	0.53
1.43	0.54
1.44	0.56
1.45	0.57
1.46	0.58
1.47	0.59
1.48	0.6
1.49	0.61
1.5	0.63
1.51	0.64
1.52	0.65
1.53	0.66
1.54	0.67
1.55	0.68
1.56	0.69
1.57	0.7
1.58	0.72
1.59	0.73
1.6	0.74
1.61	0.75
1.62	0.76
1.63	0.77
1.64	0.78
1.65	0.79
1.66	0.8
1.67	0.8
1.68	0.82
1.69	0.83
1.7	0.82
1.71	0.84
1.72	0.85
1.73	0.86
1.74	0.86
1.75	0.88
1.76	0.88
1.77	0.89
1.78	0.9
1.79	0.91
1.8	0.91
1.81	0.92
1.82	0.93
1.83	0.93
1.84	0.94
1.85	0.94
1.86	0.95
1.87	0.96
1.88	0.96
1.89	0.97
1.9	0.96
1.91	0.98
1.92	0.98
1.93	0.99
1.94	0.99
1.95	1.0
1.96	1.0
1.97	1.01
1.98	0.99
1.99	1.02
2.0	1.03
2.01	1.04
2.02	1.04
2.03	1.04
2.04	1.05
2.05	1.06
2.06	1.05
2.07	0.98
2.08	1.06
2.09	1.02
2.1	1.05
2.11	1.04
2.12	1.07
2.13	1.14
2.14	1.15
2.15	1.06
2.16	1.02
2.17	1.1
2.18	1.09
2.19	1.11
2.2	1.1
2.21	1.16
2.22	1.15
2.23	1.25
2.24	1.18
2.25	1.19
2.26	1.15
2.27	1.33
2.28	1.15
2.29	1.15
2.3	1.15
2.31	1.15
2.32	1.14
2.33	1.14
2.34	1.15
2.35	1.15
2.36	1.14
2.37	1.15
2.38	1.15
2.39	1.15
2.4	1.15
2.41	1.15
2.42	1.2
2.43	1.22
2.44	1.2
2.45	1.17
2.46	1.15
2.47	1.15
2.48	1.18
2.49	1.19
2.5	1.16
2.51	1.16
2.52	1.15
2.53	1.15
2.54	1.15
2.55	1.16
2.56	1.16
2.57	1.17
2.58	1.16
2.59	1.16
2.6	1.14
2.61	1.15
2.62	1.16
2.63	1.15
2.64	1.15
2.65	1.15
2.66	1.15
2.67	1.16
2.68	1.16
2.69	1.24
2.7	1.26
2.71	1.17
2.72	1.16
2.73	1.13
2.74	1.13
2.75	1.13
2.76	1.2
2.77	1.15
2.78	1.12
2.79	1.13
2.8	1.11
2.81	1.12
2.82	1.12
2.83	1.12
2.84	1.13
2.85	1.13
2.86	1.14
2.87	1.14
2.88	1.14
2.89	1.14
2.9	1.15
2.91	1.02
2.92	1.25
2.93	1.24
2.94	1.31
2.95	1.3
2.96	1.33
2.97	1.19
2.98	1.03
2.99	1.02
3.0	1.02
3.01	1.07
3.02	1.2
3.03	1.2
3.04	1.2
3.05	1.14
3.06	1.05
3.07	1.2
3.08	1.14
3.09	0.54
3.1	0.58
3.11	0.77
3.12	0.91
3.13	1.01
3.14	1.12
3.15	1.07
3.16	1.12
3.17	0.8
3.18	1.1
3.19	1.26
3.2	1.26
3.21	1.26
3.22	1.24
3.23	1.24
3.24	1.24
3.25	1.24
3.26	1.24
3.27	1.23
3.28	1.23
3.29	1.23
3.3	1.23
3.31	1.24
3.32	1.23
3.33	1.23
3.34	1.24
3.35	1.17
3.36	1.18
3.37	1.19
3.38	1.19
3.39	1.19
3.4	1.17
3.41	1.19
3.42	1.2
3.43	1.2
3.44	1.2
3.45	1.16
3.46	1.17
3.47	1.12
3.48	1.13
3.49	1.14
3.5	1.14
3.51	1.13
3.52	1.12
3.53	1.13
3.54	1.18
3.55	1.18
3.56	1.18
3.57	1.16
3.58	1.15
3.59	1.16
3.6	1.17
3.61	1.17
3.62	1.17
3.63	1.17
3.64	1.17
3.65	1.17
3.66	1.18
3.67	1.18
3.68	1.18
3.69	1.18
3.7	1.18
3.71	1.18
3.72	1.18
3.73	1.22
3.74	1.17
3.75	1.19
3.76	1.19
3.77	1.2
3.78	1.22
3.79	1.22
3.8	1.21
3.81	1.18
3.82	1.19
3.83	1.19
3.84	1.2
3.85	1.19
3.86	1.35
3.87	1.49
3.88	1.46
3.89	1.44
3.9	1.42
3.91	1.35
3.92	1.28
3.93	1.31
3.94	1.25
3.95	1.32
3.96	1.3
3.97	1.27
3.98	1.24
3.99	1.21
4.0	1.17
4.01	1.18
4.02	1.16
4.03	1.15
4.04	1.14
4.05	1.14
4.06	1.12
4.07	1.14
4.08	1.13
4.09	1.14
4.1	1.14
4.11	1.14
4.12	1.16
4.13	1.17
4.14	1.15
4.15	1.15
4.16	1.14
4.17	1.15
4.18	1.14
4.19	1.12
4.2	1.12
4.21	1.14
4.22	1.16
4.23	1.17
4.24	1.17
4.25	1.17
4.26	1.17
4.27	1.18
4.28	1.18
4.29	1.18
4.3	1.18
4.31	1.18
4.32	1.18
4.33	1.18
4.34	1.18
4.35	1.18
4.36	1.17
4.37	1.17
4.38	1.15
4.39	1.13
4.4	1.16
4.41	1.17
4.42	1.17
4.43	1.17
4.44	1.17
4.45	1.17
4.46	1.17
4.47	1.18
4.48	1.18
4.49	1.18
4.5	1.18
4.51	1.18
4.52	1.18
4.53	1.18
4.54	1.18
4.55	1.18
4.56	1.18
4.57	1.17
4.58	1.17
4.59	1.17
4.6	1.17
4.61	1.17
4.62	1.17
4.63	1.17
4.64	1.17
4.65	1.17
4.66	1.16
4.67	1.17
4.68	1.18
4.69	1.18
4.7	1.18
4.71	1.18
4.72	1.18
4.73	1.18
4.74	1.18
4.75	1.18
4.76	1.18
4.77	1.18
4.78	1.18
4.79	1.18
4.8	1.18
4.81	1.18
4.82	1.18
4.83	1.18
4.84	1.17
4.85	1.16
4.86	1.16
4.87	1.16
4.88	1.17
4.89	1.18
4.9	1.18
4.91	1.18
4.92	1.18
4.93	1.18
4.94	1.18
4.95	1.18
4.96	1.18
4.97	1.18
4.98	1.18
4.99	1.18
5.0	1.18
5.01	1.18
5.02	1.18
5.03	1.18
5.04	1.18
5.05	1.18
5.06	1.18
5.07	1.18
5.08	1.18
5.09	1.18
5.1	1.18
5.11	1.18
5.12	1.18
5.13	1.18
5.14	1.18
5.15	1.18
5.16	1.18
5.17	1.18
5.18	1.18
5.19	1.18
5.2	1.18
5.21	1.18
5.22	1.18
5.23	1.18
5.24	1.18
5.25	1.18
5.26	1.18
5.27	1.19
5.28	1.18
5.29	1.18
5.3	1.18
5.31	1.18
5.32	1.18
5.33	1.19
5.34	1.19
5.35	1.19
5.36	1.18
5.37	1.18
5.38	1.19
5.39	1.19
5.4	1.19
5.41	1.19
5.42	1.18
5.43	1.18
5.44	1.18
5.45	1.18
5.46	1.19
5.47	1.19
5.48	1.19
5.49	1.19
5.5	1.19
5.51	1.19
5.52	1.19
5.53	1.19
5.54	1.19
5.55	1.19
5.56	1.19
5.57	1.19
5.58	1.19
5.59	1.19
5.6	1.19
5.61	1.19
5.62	1.19
5.63	1.19
5.64	1.19
5.65	1.19
5.66	1.19
5.67	1.19
5.68	1.19
5.69	1.19
5.7	1.19
5.71	1.19
5.72	1.19
5.73	1.19
5.74	1.19
5.75	1.19
5.76	1.19
5.77	1.19
5.78	1.19
5.79	1.19
5.8	1.19
5.81	1.19
5.82	1.19
5.83	1.19
5.84	1.19
5.85	1.19
5.86	1.19
5.87	1.19
5.88	1.19
5.89	1.19
5.9	1.19
5.91	1.19
5.92	1.19
5.93	1.18
5.94	1.15
5.95	1.14
5.96	1.17
5.97	1.18
5.98	1.19
5.99	1.19
6.0	1.19
6.01	1.19
6.02	1.2
6.03	1.18
6.04	1.18
6.05	1.17
6.06	1.16
6.07	1.16
6.08	1.16
6.09	1.15
6.1	1.12
6.11	1.08
6.12	0.9
6.13	0.91
6.14	0.15
6.15	-0.13
6.16	-0.1
6.17	-0.17
6.18	-0.86
6.19	-1.57
6.2	-1.63
6.21	-1.84
6.22	-1.91
6.23	-1.91
6.24	-1.85
6.25	-1.81
6.26	-1.72
6.27	-1.43
6.28	-1.4
6.29	-1.39
6.3	-1.51
6.31	-1.52
6.32	-1.48
6.33	-1.43
6.34	-1.39
6.35	-1.35
6.36	-1.32
6.37	-1.28
6.38	-1.24
6.39	-1.2
6.4	-1.17
6.41	-1.13
6.42	-1.1
6.43	-1.06
6.44	-1.03
6.45	-1.0
6.46	-0.97
6.47	-0.93
6.48	-0.91
6.49	-0.87
6.5	-0.84
6.51	-0.82
6.52	-0.79
6.53	-0.76
6.54	-0.74
6.55	-0.7
6.56	-0.68
6.57	-0.66
6.58	-0.63
6.59	-0.61
6.6	-0.58
6.61	-0.56
6.62	-0.53
6.63	-0.49
6.64	-0.47
6.65	-0.47
6.66	-0.45
6.67	-0.44
6.68	-0.42
6.69	-0.42
6.7	-0.45
6.71	-0.42
6.72	-0.39
6.73	-0.38
6.74	-0.42
6.75	-0.39
6.76	-0.38
6.77	-0.38
6.78	-0.38
6.79	-0.36
6.8	-0.37
6.81	-0.36
6.82	-0.36
6.83	-0.35
6.84	-0.35
6.85	-0.34
6.86	-0.35
6.87	-0.36
6.88	-0.35
6.89	-0.34
6.9	-0.34
6.91	-0.33
6.92	-0.28
6.93	-0.4
6.94	-0.35
6.95	-0.35
6.96	-0.34
6.97	-0.34
6.98	-0.34
6.99	-0.36
7.0	-0.32
7.01	-0.35
7.02	-0.35
7.03	-0.34
7.04	-0.34
7.05	-0.35
7.06	-0.34
7.07	-0.35
7.08	-0.34
7.09	-0.34
7.1	-0.34
7.11	-0.34
7.12	-0.35
7.13	-0.34
7.14	-0.34
7.15	-0.34
7.16	-0.35
7.17	-0.35
7.18	-0.34
7.19	-0.35
7.2	-0.34
7.21	-0.35
7.22	-0.35
7.23	-0.35
7.24	-0.35
7.25	-0.35
7.26	-0.34
7.27	-0.34
7.28	-0.35
7.29	-0.35
7.3	-0.35
7.31	-0.35
7.32	-0.35
7.33	-0.35
7.34	-0.35
7.35	-0.35
7.36	-0.34
7.37	-0.35
7.38	-0.35
7.39	-0.35
7.4	-0.35
7.41	-0.35
7.42	-0.35
7.43	-0.35
7.44	-0.35
7.45	-0.35
7.46	-0.35
7.47	-0.36
7.48	-0.35
7.49	-0.35
7.5	-0.35
7.51	-0.35
7.52	-0.36
7.53	-0.35
7.54	-0.36
7.55	-0.35
7.56	-0.35
7.57	-0.36
7.58	-0.35
7.59	-0.35
7.6	-0.35
7.61	-0.36
7.62	-0.35
7.63	-0.36
7.64	-0.35
7.65	-0.36
7.66	-0.36
7.67	-0.35
7.68	-0.35
7.69	-0.36
7.7	-0.36
7.71	-0.35
7.72	-0.36
7.73	-0.36
7.74	-0.36
7.75	-0.36
7.76	-0.36
7.77	-0.36
7.78	-0.36
7.79	-0.36
7.8	-0.36
7.81	-0.35
7.82	-0.36
7.83	-1.54
7.84	-1.95
7.85	-1.49
7.86	-0.78
7.87	0.11
7.88	0.17
7.89	0.17
7.9	0.23
7.91	0.23
7.92	0.21
7.93	0.17
7.94	0.17
7.95	0.17
7.96	0.17
7.97	0.18
7.98	0.18
7.99	0.19
8.0	0.18
8.01	0.19
8.02	0.19
8.03	0.2
8.04	0.2
8.05	0.2
8.06	0.21
8.07	0.21
8.08	0.21
8.09	0.21
8.1	0.22
8.11	0.22
8.12	0.22
8.13	0.22
8.14	0.22
8.15	0.23
8.16	0.23
8.17	0.32
8.18	0.23
8.19	0.23
8.2	0.23
8.21	0.22
8.22	0.22
8.23	0.23
8.24	0.23
8.25	0.23
8.26	0.24
8.27	0.24
8.28	0.24
8.29	0.24
8.3	0.24
8.31	0.25
8.32	0.25
8.33	0.25
8.34	0.22
8.35	0.25
8.36	0.25
8.37	0.26
8.38	0.25
8.39	0.26
8.4	0.26
8.41	0.25
8.42	0.25
8.43	0.26
8.44	0.25
8.45	0.26
8.46	0.26
8.47	0.26
8.48	0.26
8.49	0.24
8.5	0.38
8.51	0.4
8.52	0.4
8.53	0.39
8.54	0.39
8.55	0.38
8.56	0.39
8.57	0.37
8.58	0.37
8.59	0.35
8.6	0.36
8.61	0.34
8.62	0.33
8.63	0.33
8.64	0.32
8.65	0.31
8.66	0.3
8.67	0.29
8.68	0.29
8.69	0.27
8.7	0.27
8.71	0.26
8.72	0.25
8.73	0.25
8.74	0.27
8.75	0.26
8.76	0.26
8.77	0.24
8.78	0.23
8.79	0.24
8.8	0.22
8.81	0.21
8.82	0.21
8.83	0.19
8.84	0.2
8.85	0.17
8.86	0.17
8.87	0.17
8.88	0.15
8.89	0.16
8.9	0.14
8.91	0.14
8.92	0.14
8.93	0.13
8.94	0.11
8.95	0.12
8.96	0.09
8.97	0.1
8.98	0.09
8.99	0.08
9.0	0.06
9.01	0.06
9.02	0.05
9.03	0.06
9.04	0.05
9.05	0.03
9.06	0.03
9.07	0.04
9.08	0.04
9.09	0.03
9.1	0.01
9.11	0.01
9.12	0.02
9.13	0.01
9.14	-0.01
9.15	-0.01
9.16	-0.01
9.17	-0.01
9.18	-0.01
9.19	-0.01
9.2	-0.02
9.21	-0.03
9.22	-0.04
9.23	-0.03
9.24	-0.03
9.25	-0.05
9.26	-0.05
9.27	-0.05
9.28	-0.05
9.29	-0.05
9.3	-0.06
9.31	-0.06
9.32	-0.06
9.33	-0.06
9.34	-0.06
9.35	-0.08
9.36	-0.08
9.37	-0.08
9.38	-0.08
9.39	-0.1
9.4	-0.08
9.41	-0.09
9.42	-0.1
9.43	-0.11
9.44	-0.1
9.45	-0.09
9.46	-0.09
9.47	-0.11
9.48	-0.12
9.49	-0.11
9.5	-0.11
9.51	-0.1
9.52	-0.15
9.53	-0.15
9.54	-0.15
9.55	-0.16
9.56	-0.16
9.57	-0.13
9.58	-0.12
9.59	-0.16
9.6	-0.07
9.61	-0.08
9.62	-0.08
9.63	-0.07
9.64	-0.09
9.65	-0.09
9.66	-0.09
9.67	-0.1
9.68	-0.11
9.69	-0.12
9.7	-0.12
9.71	-0.13
9.72	-0.14
9.73	-0.13
9.74	-0.15
9.75	-0.15
9.76	-0.15
9.77	-0.16
9.78	-0.16
9.79	-0.16
9.8	-0.16
9.81	-0.16
9.82	-0.17
9.83	-0.18
9.84	-0.17
9.85	-0.18
9.86	-0.18
9.87	-0.18
9.88	-0.19
9.89	-0.19
9.9	-0.19
9.91	-0.19
9.92	-0.19
9.93	-0.19
9.94	-0.2
9.95	-0.2
9.96	-0.2
9.97	-0.2
9.98	-0.21
9.99	-0.21
10.0	-0.21
10.01	-0.21
10.02	-0.21
10.03	-0.22
10.04	-0.22
10.05	-0.22
10.06	-0.22
10.07	-0.22
10.08	-0.23
10.09	-0.23
10.1	-0.23
10.11	-0.23
10.12	-0.24
10.13	-0.24
10.14	-0.24
10.15	-0.24
10.16	-0.24
10.17	-0.25
10.18	-0.24
10.19	-0.24
10.2	-0.24
10.21	-0.24
10.22	-0.25
10.23	-0.25
10.24	-0.25
10.25	-0.25
10.26	-0.25
10.27	-0.26
10.28	-0.26
10.29	-0.26
10.3	-0.26
10.31	-0.26
10.32	-0.26
10.33	-0.26
10.34	-0.26
10.35	-0.27
10.36	-0.27
10.37	-0.27
10.38	-0.27
10.39	-0.27
10.4	-0.27
10.41	-0.27
10.42	-0.27
10.43	-0.28
10.44	-0.28
10.45	-0.28
10.46	-0.28
10.47	-0.28
10.48	-0.28
10.49	-0.28
10.5	-0.28
10.51	-0.28
10.52	-0.28
10.53	-0.29
10.54	-0.29
10.55	-0.28
10.56	-0.28
10.57	-0.29
10.58	-0.28
10.59	-0.28
10.6	-0.29
10.61	-0.29
10.62	-0.29
10.63	-0.3
10.64	-0.3
10.65	-0.3
10.66	-0.3
10.67	-0.3
10.68	-0.31
10.69	-0.3
10.7	-0.3
10.71	-0.3
10.72	-0.31
10.73	-0.31
10.74	-0.31
10.75	-0.31
10.76	-0.31
10.77	-0.31
10.78	-0.31
10.79	-0.31
10.8	-0.32
10.81	-0.32
10.82	-0.32
10.83	-0.32
10.84	-0.32
10.85	-0.32
10.86	-0.34
10.87	-0.33
10.88	-0.35
10.89	-0.35
10.9	-0.37
10.91	-0.38
10.92	-0.39
10.93	-0.36
10.94	-0.35
10.95	-0.35
10.96	-0.34
10.97	-0.35
10.98	-0.35
10.99	-0.34
11.0	-0.38
11.01	-0.36
11.02	-0.35
11.03	-0.33
11.04	-0.32
11.05	-0.35
11.06	-0.37
11.07	-0.27
11.08	-0.23
11.09	-0.25
11.1	-0.19
11.11	-0.17
11.12	-0.17
11.13	-0.22
11.14	-0.07
11.15	-0.11
11.16	-0.13
11.17	-0.17
11.18	-0.2
11.19	-0.21
11.2	-0.24
11.21	-0.27
11.22	-0.29
11.23	-0.31
11.24	-0.33
11.25	-0.35
11.26	-0.39
11.27	-0.39
11.28	-0.41
11.29	-0.43
11.3	-0.44
11.31	-0.5
11.32	-0.52
11.33	-0.42
11.34	-0.48
11.35	-0.51
11.36	-0.55
11.37	-0.55
11.38	-0.57
11.39	-0.55
11.4	-0.6
11.41	-0.61
11.42	-0.64
11.43	-0.64
11.44	-0.65
11.45	-0.68
11.46	-0.67
11.47	-0.64
11.48	-0.65
11.49	-0.63
11.5	-0.62
11.51	-0.59
11.52	-0.45
11.53	-0.47
11.54	-0.35
11.55	-0.45
11.56	-0.47
11.57	-0.67
11.58	-1.69
11.59	-2.03
11.6	-1.96
11.61	-1.92
11.62	-1.97
11.63	-1.92
11.64	-0.42
11.65	-0.39
11.66	-0.95
11.67	-0.82
11.68	-1.13
11.69	-1.07
11.7	-1.09
11.71	-1.31
11.72	-1.24
11.73	-0.97
11.74	-0.39
11.75	-0.27
11.76	-0.21
11.77	-0.15
11.78	-0.11
11.79	-0.07
11.8	-0.05
11.81	-0.03
11.82	-0.03
11.83	-0.02
11.84	0.01
11.85	-0.0
11.86	-0.02
11.87	0.06
11.88	0.07
11.89	0.08
11.9	0.09
11.91	0.19
11.92	0.25
11.93	0.23
11.94	0.38
11.95	0.39
11.96	0.38
11.97	0.38
11.98	0.38
11.99	0.37
12.0	0.36
12.01	0.36
12.02	0.36
12.03	0.36
12.04	0.36
12.05	0.36
12.06	0.35
12.07	0.35
12.08	0.35
12.09	0.35
12.1	0.35
12.11	0.08
12.12	0.32
12.13	0.34
12.14	0.34
12.15	0.33
12.16	0.33
12.17	0.33
12.18	0.36
12.19	0.38
12.2	0.38
12.21	0.37
12.22	0.36
12.23	0.35
12.24	0.34
12.25	0.34
12.26	0.33
12.27	0.33
12.28	0.32
12.29	0.32
12.3	0.31
12.31	0.31
12.32	0.31
12.33	0.31
12.34	0.3
12.35	0.3
12.36	0.29
12.37	0.29
12.38	0.29
12.39	0.29
12.4	0.29
12.41	0.28
12.42	0.28
12.43	0.28
12.44	0.27
12.45	0.27
12.46	0.27
12.47	0.27
12.48	0.27
12.49	0.27
12.5	0.27
12.51	0.26
12.52	0.26
12.53	0.26
12.54	0.26
12.55	0.26
12.56	0.25
12.57	0.26
12.58	0.25
12.59	0.25
12.6	0.25
12.61	0.25
12.62	0.25
12.63	0.25
12.64	0.24
12.65	0.24
12.66	0.24
12.67	0.24
12.68	0.24
12.69	0.24
12.7	0.24
12.71	0.24
12.72	0.23
12.73	0.24
12.74	0.24
12.75	0.23
12.76	0.23
12.77	0.23
12.78	0.23
12.79	0.23
12.8	0.23
12.81	0.23
12.82	0.23
12.83	0.22
12.84	0.22
12.85	0.22
12.86	0.22
12.87	0.22
12.88	0.22
12.89	0.19
12.9	0.18
12.91	0.2
12.92	0.2
12.93	0.19
12.94	0.16
12.95	0.16
12.96	0.2
12.97	-0.1
12.98	-0.47
12.99	-0.52
13.0	-0.69
13.01	-0.74
13.02	-0.74
13.03	-0.22
13.04	-0.25
13.05	0.21
13.06	0.15
13.07	-1.19
13.08	-0.94
13.09	0.13
13.1	-0.37
13.11	-1.58
13.12	-2.37
13.13	-1.63
13.14	-1.58
13.15	-2.16
13.16	-2.18
13.17	-4.33
13.18	-1.39
13.19	-2.28
13.2	0.48
13.21	1.48
13.22	1.42
13.23	-0.03
13.24	-0.33
13.25	1.07
13.26	0.8
13.27	-1.57
13.28	-1.71
13.29	-0.68
13.3	1.07
13.31	1.05
13.32	0.59
13.33	0.62
13.34	-0.66
13.35	0.78
13.36	0.74
13.37	0.41
13.38	0.58
13.39	0.51
13.4	0.94
13.41	1.05
13.42	3.08
13.43	3.18
13.44	0.0
13.45	0.01
13.46	0.02
13.47	0.0
13.48	0.01
13.49	0.01
13.5	-0.0
13.51	-0.0
13.52	0.02
13.53	-0.01
13.54	0.01
13.55	0.02
13.56	-0.01
13.57	0.0
13.58	0.02
13.59	0.02
13.6	0.01
13.61	-0.01
13.62	-0.0
13.63	0.01
13.64	0.01
13.65	-0.01
13.66	0.0
13.67	0.02
13.68	-0.0
13.69	-0.01
13.7	0.03
13.71	0.02
13.72	-0.01
13.73	0.0
13.74	0.03
13.75	0.03
13.76	-0.0
13.77	-0.01
13.78	-0.68
13.79	0.0
13.8	0.01
13.81	0.01
13.82	-0.01
13.83	-0.01
13.84	0.01
13.85	0.01
13.86	-0.0
13.87	-0.02
13.88	-0.01
13.89	-0.0
13.9	0.03
13.91	-0.0
13.92	0.02
13.93	-0.0
13.94	0.02
13.95	-0.02
13.96	0.02
13.97	0.02
13.98	-0.0
13.99	0.01
14.0	-0.01
14.01	0.01
14.02	-0.0
14.03	0.01
14.04	-0.01
14.05	0.0
14.06	0.0
14.07	0.02
14.08	-0.01
14.09	-0.01
14.1	-0.01
14.11	0.01
14.12	0.03
14.13	0.01
14.14	-0.01
14.15	-0.01
14.16	-0.0
14.17	0.01
14.18	0.04
14.19	0.02
14.2	0.01
14.21	-0.0
14.22	-0.01
14.23	0.01
14.24	-0.0
14.25	-0.02
14.26	-0.01
14.27	0.02
14.28	-0.02
14.29	-0.01
14.3	0.01
14.31	-0.01
14.32	-0.0
14.33	-0.01
14.34	0.0
14.35	-0.01
14.36	0.01
14.37	0.03
14.38	-0.0
14.39	-0.0
14.4	0.0
14.41	0.01
14.42	-0.01
14.43	-0.01
14.44	0.03
14.45	-0.01
14.46	-0.01
14.47	0.02
14.48	-0.01
14.49	0.01
14.5	-0.01
14.51	-0.01
14.52	0.01
14.53	0.02
14.54	-0.01
14.55	-0.01
14.56	0.01
14.57	-0.01
14.58	-0.01
14.59	0.01
14.6	-0.01
14.61	-0.02
14.62	-0.01
14.63	0.01
14.64	0.03
14.65	0.01
14.66	0.01
14.67	-0.01
14.68	5.27
14.69	5.27
14.7	-0.01
14.71	-0.02
14.72	5.27
14.73	5.27
14.74	5.27
14.75	5.27
14.76	0.26
14.77	5.27
14.78	-0.64
14.79	3.04
14.8	2.91
14.81	0.34
14.82	-0.64
14.83	2.84
14.84	-0.62
14.85	-0.64
14.86	-0.64
14.87	2.94
14.88	2.61
14.89	5.27
14.9	-0.64
14.91	0.28
14.92	-0.64
14.93	2.97
14.94	5.27
14.95	-0.57
14.96	2.92
14.97	5.27
14.98	5.27
14.99	2.69
15.0	-0.64
15.01	2.82
15.02	0.85
15.03	-2.03
15.04	-5.28
15.05	-0.85
15.06	-5.28
15.07	5.27
15.08	-5.28
15.09	-5.28
15.1	-5.28
15.11	-5.28
15.12	-5.28
15.13	-5.28
15.14	5.27
15.15	-5.28
15.16	-5.28
15.17	-5.28
15.18	-5.28
15.19	5.27
15.2	-0.74
15.21	5.27
15.22	-0.62
15.23	2.95
15.24	2.92
15.25	0.3
15.26	-0.62
15.27	-0.62
15.28	-0.62
15.29	5.27
15.3	-0.62
15.31	2.88
15.32	2.29
15.33	0.23
15.34	0.79
15.35	5.27
15.36	3.03
15.37	1.04
15.38	-0.62
15.39	5.27
15.4	3.05
15.41	5.27
15.42	-0.64
15.43	2.98
15.44	2.81
15.45	-0.22
15.46	5.27
15.47	5.27
15.48	-0.62
15.49	2.54
15.5	-0.63
15.51	5.27
15.52	-1.89
15.53	-2.03
15.54	-2.33
15.55	-2.35
15.56	1.59
15.57	1.62
15.58	-1.44
15.59	5.27
15.6	5.27
15.61	-2.05
15.62	-1.08
15.63	5.27
15.64	-1.95
15.65	1.51
15.66	5.27
15.67	5.27
15.68	5.27
15.69	-0.64
15.7	-0.64
15.71	-0.55
15.72	5.27
15.73	5.27
15.74	-0.64
15.75	2.92
15.76	2.83
15.77	0.3
15.78	5.27
15.79	2.98
15.8	-0.57
15.81	0.23
15.82	5.27
15.83	2.22
15.84	-0.63
15.85	5.27
15.86	2.74
15.87	-0.64
15.88	-0.62
15.89	5.27
15.9	2.79
15.91	5.27
15.92	2.7
15.93	5.27
15.94	0.37
15.95	-0.64
15.96	5.27
15.97	2.9
15.98	5.27
15.99	0.67
16.0	-0.64
16.01	5.27
16.02	2.54
16.03	0.4
16.04	5.27
16.05	2.74
16.06	5.27
16.07	-0.64
16.08	2.87
16.09	-0.3
16.1	-0.64
16.11	2.94
16.12	2.27
16.13	-0.64
16.14	-0.48
16.15	5.27
16.16	-0.64
16.17	-0.04
16.18	5.27
16.19	5.27
16.2	-0.28
16.21	2.97
16.22	2.32
16.23	5.27
16.24	5.27
0.002	-0.39
0.003	-0.64
0.004	5.27
0.005	-0.64
0.006	-0.64
0.007	-0.64
0.008	5.27
0.009	2.86
0.01	5.27
0.011	0.9
0.012	-0.64
0.013	-0.64
0.014	2.99
0.015	5.27
0.016	-0.48
0.017	0.41
0.018	-0.64
0.019	-0.64
0.02	2.58
0.021	2.09
0.022	2.76
0.023	-0.64
0.024	2.67
0.025	5.27
0.026	1.33
0.027	5.27
0.028	5.27
0.029	-0.64
0.03	5.27
0.031	-0.64
0.032	2.79
0.033	-0.16
0.034	0.18
0.035	-0.64
0.036	-0.64
0.037	2.79
0.038	5.27
0.039	2.27
0.04	5.27
0.041	2.3
2	2.66
3	-0.64
4	-0.64
5	5.27
6	5.27
7	-0.06
8	2.87
9	-0.64
10	5.27
11	-0.64
12	5.27
13	-0.64
14	-0.64
15	2.86
16	-0.64
17	5.27
18	5.27
19	5.27
20	5.27
21	-5.28
22	4.38
23	5.27
24	5.27
25	5.27
26	5.27
27	5.27
28	5.27
29	5.27
30	5.27
31	5.27
32	5.27
33	5.27
34	5.27
35	5.27
36	5.27
37	5.27
38	5.21
39	4.87
40	4.54
41	4.24
42	3.95
43	3.67
44	3.4
45	3.13
46	2.88
47	2.64
48	2.41
49	2.18
50	1.97
51	1.76
52	1.56
53	1.37
54	1.19
55	1.01
56	0.84
57	0.68
58	0.52
59	0.37
60	0.22
61	0.08
62	-0.05
63	-0.18
64	-0.31
65	-0.43
66	-0.54
67	-0.65
68	-0.76
69	-0.87
70	-0.97
71	-1.06
72	-1.16
73	-1.24
74	-1.33
75	-1.42
76	-1.49
77	-1.57
78	-1.65
79	-1.72
80	-1.79
81	-1.85
82	-1.92
83	-1.98
84	-2.04
85	-2.09
86	-2.15
87	-2.21
88	-2.26
89	-2.31
90	-2.36
91	-2.4
92	-2.45
93	-2.49
94	-2.53
95	-2.57
96	-2.61
97	-2.65
98	-2.69
99	-2.72
100	-2.76
101	-2.79
102	-2.82
103	-2.85
104	-2.88
105	-2.91
106	-2.94
107	-2.96
108	-2.99
109	-3.01
110	-3.21
111	-3.29
112	-3.34
113	5.27
114	5.27
115	3.0
116	5.27
117	5.27
118	5.27
119	5.27
120	5.27
121	5.27
122	5.27
123	5.27
124	-0.04
125	-0.65
126	5.27
127	-0.65
128	-0.41
129	2.79
130	-0.64
131	5.27
132	5.27
133	-0.65
134	-0.06
135	2.93
136	1.27
137	5.27
138	5.27
139	5.27
140	-0.65
141	2.87
142	5.27
143	-0.17
144	5.27
145	2.85
146	2.88
147	-0.25
148	-0.65
149	5.27
150	-0.64
151	2.75
152	1.06
153	5.27
154	5.27
155	0.27
156	5.27
157	-0.35
158	-0.65
159	5.27
160	5.27
161	-0.65
162	2.42
163	5.27
164	-0.66
165	-0.64
166	2.86
167	-0.64
168	2.88
169	2.98
170	-0.45
171	5.27
172	5.27
173	-0.65
174	2.85
175	2.69
176	2.7
177	5.27
178	5.27
179	-0.65
180	-0.65
181	-0.65
182	5.27
183	5.27
184	5.27
185	5.27
186	-0.65
187	5.27
188	0.17
189	0.2
190	2.72
191	2.78
192	2.86
193	5.27
194	5.27
195	5.27
196	5.27
197	2.74
198	5.27
199	-0.65
200	0.11
201	-0.13
202	2.7
203	-0.65
204	5.27
205	-0.65
206	5.27
207	-0.65
208	2.9
209	5.27
210	0.27
211	2.77
212	2.75
213	5.27
214	-0.65
215	2.84
216	5.27
217	0.38
218	-0.65
219	5.27
220	2.77
221	5.27
222	0.5
223	-0.65
224	5.27
225	2.76
226	5.27
227	-0.65
228	-0.65
229	5.27
230	0.43
231	5.27
232	0.28
233	2.71
234	2.87
235	-0.65
236	2.86
237	-0.65
238	5.27
239	5.27
240	0.92
241	-0.65
242	-0.65
243	5.27
244	2.9
245	-0.65
246	5.27
247	5.27
248	5.27
249	5.27
250	2.67
251	3.02
252	-0.65
253	-0.65
254	5.27
255	0.32
256	3.0
257	5.27
258	2.94
259	5.27
260	-0.65
261	5.27
262	2.91
263	-0.65
264	-0.65
265	2.88
266	2.96
267	5.27
268	2.71
269	5.27
270	0.42
271	-0.21
272	-0.65
273	-0.58
274	-0.65
275	5.27
276	0.3
277	2.81
278	-0.65
279	-0.65
280	2.54
281	2.96
282	5.27
283	2.95
284	5.27
285	5.27
286	-0.65
287	5.27
288	0.41
289	2.84
290	5.27
291	0.33
292	0.26
293	5.27
294	-0.65
295	5.27
296	5.27
297	-0.65
298	2.45
299	-0.65
300	5.27
301	0.41
302	-0.26
303	2.86
304	-0.65
305	-0.65
306	2.91
307	5.27
308	5.27
309	0.51
310	-0.65
311	5.27
312	2.91
313	-0.65
314	5.27
315	2.92
316	5.27
317	2.88
318	5.27
319	-0.64
320	-0.65
321	-0.65
322	2.91
323	5.27
324	2.62
325	5.27
326	0.21
327	1.56
328	-0.65
329	5.27
330	-0.65
331	0.73
332	2.92
333	5.27
334	-0.06
335	2.79
336	-0.65
337	5.27
338	5.27
339	-0.65
340	-0.22
341	-0.65
342	2.83
343	5.27
344	5.27
345	-0.15
346	2.93
347	5.27
348	5.27
349	5.27
350	2.09
351	-0.65
352	5.27
353	-0.65
354	2.92
355	5.27
356	0.11
357	5.27
358	5.27
359	2.91
360	5.27
361	-0.65
362	0.4
363	-0.65
364	0.5
365	-0.65
366	5.27
367	-0.65
368	0.75
369	-0.65
370	5.27
371	5.27
372	2.84
373	-0.65
374	-0.65
375	-0.08
376	2.93
377	5.27
378	5.27
379	1.88
380	0.31
381	-0.65
382	5.27
383	5.27
384	2.61
385	-0.65
386	5.27
387	2.74
388	5.27
389	2.84
390	-0.65
391	5.27
392	-0.65
393	2.73
394	5.27
395	-0.65
396	5.27
397	5.27
398	-0.65
399	2.39
400	-0.65
401	5.27
402	5.27
403	5.27
404	5.27
405	5.27
406	2.9
407	5.27
408	0.43
409	-0.65
410	-0.65
411	2.83
412	5.27
413	0.45
414	-0.65
415	5.27
416	2.36
417	-0.65
418	5.27
419	2.44
420	5.27
421	5.27
422	-0.65
423	5.27
424	2.84
425	5.27
426	0.73
427	-0.65
428	-0.65
429	2.88
430	-0.65
431	3.04
432	2.86
433	2.38
434	-0.65
435	-0.65
436	5.27
437	2.98
438	2.94
439	-0.65
440	5.27
441	-0.65
442	2.86
443	-0.64
444	5.27
445	2.88
446	5.27
447	0.18
448	2.8
449	2.93
450	5.27
451	0.94
452	3.01
453	5.27
454	-0.63
455	0.1
456	2.81
457	5.27
458	-0.63
459	2.9
460	-0.63
461	5.27
462	2.88
463	0.71
464	0.43
465	5.27
466	-0.63
467	2.85
468	5.27
469	5.27
470	0.24
471	-0.63
472	-0.63
473	5.27
474	5.27
475	0.21
476	-0.63
477	5.27
478	-0.34
479	3.06
480	5.27
481	-0.63
482	2.81
483	2.76
484	5.27
485	-0.63
486	-0.63
487	0.58
488	-0.63
489	5.27
490	-0.63
491	2.89
2	2.3
3	2.17
4	1.92
5	1.69
6	1.58
7	1.36
8	1.14
9	0.95
10	0.75
11	0.57
12	0.38
13	0.21
14	0.03
15	5.27
16	5.27
17	0.52
18	5.27
19	-5.28
20	5.27
21	5.27
22	5.27
23	5.27
24	5.27
25	5.27
26	5.27
27	5.27
28	5.27
29	5.27
30	5.27
31	5.27
32	5.27
33	5.27
34	5.27
35	5.27
36	5.09
37	4.77
38	4.45
39	4.14
40	3.85
41	3.57
42	3.31
43	3.04
44	2.8
45	2.56
46	2.33
47	2.11
48	1.89
49	1.69
50	1.49
51	1.3
52	1.12
53	0.94
54	0.77
55	0.61
56	0.46
57	0.31
58	0.16
59	0.02
60	-0.11
61	-0.24
62	-0.37
63	-0.49
64	-0.6
65	-0.71
66	-0.82
67	-0.93
68	-1.03
69	-1.12
70	-1.22
71	-1.31
72	-1.39
73	-1.48
74	-1.56
75	-1.63
76	-1.71
77	-1.78
78	-1.85
79	-1.92
80	-1.98
81	-2.04
82	-2.11
83	-2.16
84	-2.22
85	-2.27
86	-2.33
87	-2.38
88	-2.43
89	-2.48
90	-2.53
91	-2.57
92	-2.62
93	-2.67
94	-2.71
95	-2.76
96	-2.8
97	-2.84
98	-2.88
99	-2.91
100	-2.95
101	-2.99
102	-3.02
103	-3.06
104	-3.1
105	-3.13
106	-3.16
107	-3.19
108	-3.22
109	-3.25
110	-3.28
111	-3.31
112	-3.33
113	-3.36
114	-3.38
115	-3.41
116	-3.43
117	-3.45
118	-3.48
119	-3.5
120	-3.52
121	-3.54
122	-3.56
123	-3.58
124	-3.59
125	-3.61
126	-3.63
127	-3.64
128	-3.66
129	-3.68
130	-3.69
131	-3.71
132	-3.72
133	-3.73
134	-3.75
135	-3.76
136	-3.77
137	-3.79
138	-3.8
139	-3.81
140	-3.82
141	-3.83
142	-3.84
143	-3.85
144	-3.87
145	-3.88
146	-3.88
147	-3.89
148	-3.9
149	-3.91
150	-3.92
151	-3.93
152	-3.94
153	-3.95
154	-3.95
155	-3.96
156	-3.97
157	-3.98
158	-3.98
159	-3.99
160	-4.0
161	-4.01
162	-4.01
163	-4.02
164	-4.02
165	-4.03
166	-4.04
167	-4.04
168	-4.05
169	-4.05
170	-4.06
171	-4.07
172	-4.07
173	-4.08
174	-4.08
175	-4.09
176	-4.09
177	-4.1
178	-4.1
179	-4.11
180	-4.11
181	-4.12
182	-4.12
183	-4.13
184	-4.13
185	-4.13
186	-4.14
187	-4.14
188	-4.15
189	-4.15
190	-4.15
191	-4.16
192	-4.16
193	-4.17
194	-4.17
195	-4.17
196	-4.18
197	-4.18
198	-4.18
199	-4.19
200	-4.19
201	-4.19
202	-4.2
203	-4.2
204	-4.2
205	-4.21
206	-4.21
207	-4.21
208	-4.21
209	-4.22
210	-4.22
211	-4.22
212	-4.23
213	-4.23
214	-4.23
215	-4.23
216	-4.24
217	-4.24
218	-4.24
219	-4.24
220	-4.25
221	-4.25
222	-4.25
223	-4.25
224	-4.26
225	-4.26
226	-4.26
227	-4.26
228	-4.26
229	-4.27
230	-4.27
231	-4.27
232	-4.27
233	-4.27
234	-4.28
235	-4.28
236	-4.28
237	-4.28
238	-4.28
239	-4.29
240	-4.29
241	-4.29
242	-4.29
243	-4.29
244	-4.29
245	-4.3
246	-4.3
247	-4.3
248	-4.3
249	-4.3
250	-4.31
251	-4.31
252	-4.31
253	-4.31
254	-4.31
255	-4.31
256	-4.32
257	-4.32
258	-4.32
259	-4.32
260	-4.32
261	-4.33
262	-4.33
263	-4.33
264	-4.33
265	-4.33
266	-4.33
267	-4.34
268	-4.34
269	-4.34
270	-4.34
271	-4.34
272	-4.34
273	-4.34
274	-4.35
275	-4.35
276	-4.35
277	-4.35
278	-4.35
279	-4.35
280	-4.35
281	-4.35
282	-4.35
283	-4.36
284	-4.36
285	-4.36
286	-4.36
287	-4.36
288	-4.36
289	-4.36
290	-4.36
291	-4.36
292	-4.36
293	-4.37
294	-4.37
295	-4.37
296	-4.37
297	-4.37
298	-4.37
299	-4.37
300	-4.37
301	-4.37
302	-4.37
303	-4.38
304	-4.38
305	-4.38
306	-4.38
307	-4.38
308	-4.38
309	-4.38
310	-4.38
311	-4.39
312	-4.39
313	-4.39
314	-4.39
315	-4.39
316	-4.39
317	-4.39
318	-4.39
319	-4.39
320	-4.39
321	-4.4
322	-4.4
323	-4.4
324	-4.4
325	-4.4
326	-4.4
327	-4.4
328	-4.4
329	-4.4
330	-4.4
331	-4.41
332	-4.41
333	-4.41
334	-4.41
335	-4.41
336	-4.41
337	-4.41
338	-4.42
339	-4.42
340	-4.42
341	-4.42
342	-4.42
343	-4.42
344	-4.42
345	-4.42
346	-4.42
347	-4.43
348	-4.43
349	-4.43
350	-4.43
351	-4.43
352	-4.43
353	-4.43
354	-4.43
355	-4.43
356	-4.43
357	-4.43
358	-4.43
359	-4.43
360	-4.43
361	-4.43
362	-4.44
363	-4.44
364	-4.44
365	-4.44
366	-4.44
367	-4.44
368	-4.44
369	-4.44
370	-4.44
371	-4.45
372	-4.45
373	-4.45
374	-4.45
375	-4.45
376	-4.45
377	-4.45
378	-4.45
379	-4.45
380	-4.46
381	-4.46
382	-4.46
383	-4.43
384	-5.28
385	-5.28
386	-5.02
387	-5.28
388	-4.49
389	-4.48
390	-5.28
391	-4.77
392	-4.47
393	-4.47
394	-4.47
395	-4.47
396	-4.47
397	-4.48
398	-4.51
399	-5.28
400	-4.47
401	-4.48
402	-4.48
403	-4.48
404	-4.45
405	-4.45
406	-4.45
407	-4.45
408	-4.46
409	-4.45
410	-4.31
411	-4.31
412	-4.33
413	-4.31
414	-4.31
415	-4.31
416	-4.31
417	-4.31
418	-4.01
419	-4.01
420	-4.01
421	-4.01
422	-3.25
423	-3.25
424	-3.25
425	-3.25
426	-3.25
427	-2.68
428	-2.68
429	-2.68
430	-2.63
431	-2.67
432	-2.67
433	-2.67
434	-2.67
435	-2.67
436	-2.66
437	-2.66
438	-2.66
439	-2.66
440	-2.66
441	-2.66
442	-2.65
443	-2.65
444	-2.65
445	-2.87
446	-2.88
447	-2.85
448	-2.79
449	-2.77
450	-2.76
451	-2.67
452	-2.67
453	-2.67
454	-2.67
455	-2.67
456	-2.67
457	-2.67
458	-2.66
459	-2.66
460	-2.66
461	-2.66
462	-2.65
463	-2.65
464	-2.65
465	-2.65
466	-5.28
467	-4.98
468	-2.67
469	-3.28
470	-3.29
471	-3.2
472	-4.37
473	-5.28
474	-3.32
475	-3.2
476	-2.7
477	-2.73
478	-3.22
479	-2.8
480	-2.68
481	-2.63
482	-4.62
483	-2.9
484	-2.72
485	-2.65
486	-2.65
487	-2.65
488	-2.65
489	-2.65
490	-2.65
491	-2.65
492	-2.65
493	-2.65
494	-2.65
495	-3.64
496	-3.82
497	-3.83
498	-3.83
499	-3.83
500	-3.83
501	-3.84
502	-3.83
503	-3.79
504	-3.79
505	-3.8
506	-3.8
507	-3.8
508	-3.81
509	-3.81
510	-3.81
511	-3.81
512	-3.81
513	-3.81
514	-3.81
515	-3.81
516	-3.81
517	-3.81
518	-3.82
519	-3.82
520	-3.82
521	-3.82
522	-3.82
523	-3.83
524	-3.83
525	-3.83
526	-3.83
527	-3.83
528	-3.83
529	-3.83
530	-3.83
531	-3.83
532	-3.83
533	-3.84
534	-3.84
535	-3.84
536	-3.84
537	-3.84
538	-3.84
539	-3.84
540	-3.84
541	-3.84
542	-3.84
543	-3.85
2	-5.28
3	-4.69
4	-5.28
5	-5.28
6	-5.28
7	-5.28
8	-4.72
9	-4.73
10	-4.73
11	-4.73
12	-4.74
13	-5.28
14	-5.28
15	-5.28
16	-5.28
17	-4.77
18	-4.78
19	-4.79
20	-4.79
21	-4.79
22	-5.28
23	-5.28
24	-5.28
25	-5.28
26	-4.83
27	-4.83
28	-4.83
29	-4.84
30	-4.84
31	-5.28
32	-5.28
33	-5.28
34	-5.28
35	-4.87
36	-4.87
37	-4.88
38	-4.88
39	-4.88
40	-5.28
41	-5.28
42	-5.28
43	-5.28
44	-4.9
45	-4.91
46	-4.91
47	-4.91
48	-5.28
49	-5.28
50	-5.28
51	-5.28
52	-4.93
53	-4.94
54	-4.94
55	-4.94
56	-5.28
57	-5.28
58	-5.28
59	-5.28
60	-5.28
61	-4.96
62	-4.96
63	-4.96
64	-4.96
65	-4.97
66	-5.28
67	-5.28
68	-5.28
69	-5.28
70	-4.98
71	-4.98
72	-4.98
73	-4.98
74	-5.28
75	-5.28
76	-5.28
77	-5.28
78	-5.0
79	-5.28
80	-5.28
81	-5.0
82	-5.28
83	-5.28
84	-5.01
85	-5.28
86	-5.28
87	-5.01
88	-5.01
89	-5.28
90	-5.28
91	-5.02
92	-5.02
93	-5.28
